seeds: 1187290020 247767461 40283135 64738286 2044483296 66221787 1777809491 103070898 108732160 261552692 3810626561 257826205 3045614911 65672948 744199732 300163578 3438684365 82800966 2808575117 229295075

seed-to-soil map:
1716002126 3982609232 32819234
527777042 1448723593 108905538

soil-to-fertilizer map:
900001914 416463108 281254528
0 126604924 281385177

fertilizer-to-water map:
2043262733 3156005317 240398158
740161853 3396403475 396633652

water-to-light map:
3659569782 1525449239 315716712
3476299666 1083068766 183270116

light-to-temperature map:
3539333023 2561430684 132087009
3698501184 4084205096 109385247

temperature-to-humidity map:
4269649447 2393649810 25317849
2624622018 1500892381 293269560

humidity-to-location map:
697523568 606382276 38912139
3022503077 2608306075 46906919